[K] 	 [W m-2 sr-1] 
0.0	0.0
20.0	4.504955430454517e-276
40.0	1.164697054459331e-136
60.0	5.235903001651662e-90
80.0	1.3320340254687137e-66
100.0	1.6375168066531964e-52
120.0	4.3577643354506594e-43
140.0	2.4876628505416855e-36
160.0	3.0405119182251364e-31
180.0	2.859708106951151e-27
200.0	4.46107726102035e-24
220.0	1.881735658314318e-21
240.0	2.97263970266921e-19
260.0	2.203323555593922e-17
280.0	9.000173341002174e-16
300.0	2.2797770059419423e-14
320.0	3.912264369579835e-13
340.0	4.866944137346866e-12
360.0	4.626617905300873e-11
380.0	3.5038375678495987e-10
400.0	2.1857422568220354e-09
420.0	1.1539675073714922e-08
440.0	5.272025776942187e-08
460.0	2.122969110852168e-07
480.0	7.6519433077899e-07
500.0	2.500859347310047e-06
520.0	7.4932871247347945e-06
540.0	2.0777916937725016e-05
560.0	5.375102577081361e-05
580.0	0.00013063525951634132
600.0	0.00030009592043301524
620.0	0.0006550724990093024
640.0	0.0013651162893363376
660.0	0.0027269822042037995
680.0	0.005240870410701273
700.0	0.009721486503700702
720.0	0.017454903261738822
740.0	0.030413965037950907
760.0	0.051546574689599084
780.0	0.085152542729525
800.0	0.13736566967669964
820.0	0.2167583026773717
840.0	0.3350857047233868
860.0	0.5081871710096416
880.0	0.7570599178105315
900.0	1.1091203729681307
920.0	1.5996656519074597
940.0	2.2735457637094916
960.0	3.1870545252576887
980.0	4.410044343091558
1000.0	6.028267031736808
1020.0	8.145939753753872
1040.0	10.888532067636406
1060.0	14.40576702678009
1080.0	18.87482635057517
1100.0	24.503746943240497
1120.0	31.53499351396814
1140.0	40.24918979033238
1160.0	50.96898884328923
1180.0	64.06306137495052
1200.0	79.95017946978152
1220.0	99.10337227851498
1240.0	122.05412938786
1260.0	149.39662721833812
1280.0	181.7919536729624
1300.0	219.9723064129327
1320.0	264.7451405421589
1340.0	316.99724211731296
1360.0	377.698704740027
1380.0	447.9067875078913
1400.0	528.7696337760283
1420.0	621.52983148655
1440.0	727.5277972351319
1460.0	848.2049677393079
1480.0	985.1067839301672
1500.0	1139.885454487607
1520.0	1314.3024872603903
1540.0	1510.2309786388535
1560.0	1729.6576525646262
1580.0	1974.6846424544171
1600.0	2247.53101087146
1620.0	2550.5340032880645
1640.0	2886.1500337366633
1660.0	3256.955401537262
1680.0	3665.6467396098424
1700.0	4115.041196126124
1720.0	4608.0763524223285
1740.0	5147.809881180295
1760.0	5737.418949887006
1780.0	6380.199375501027
1800.0	7079.56453708888
1820.0	7839.0440539452375
1840.0	8662.282237379492
1860.0	9553.0363249396
1880.0	10515.174506353958
1900.0	11552.673750906772
1920.0	12669.617446324173
1940.0	13870.192859540992
1960.0	15158.688429944928
1980.0	16539.490905859097
2000.0	18017.082335130046
2020.0	19596.03692073924
2040.0	21281.017752356085
2060.0	23076.773424703595
2080.0	24988.134553516997
2100.0	27020.010199745444
2120.0	29177.384212480516
2140.0	31465.31150089614
2160.0	33888.91424525651
2180.0	36453.37805679432
2200.0	39163.94809598511
2220.0	42025.9251584466
2240.0	45044.661737378636
2260.0	48225.55807113183
2280.0	51574.058184153284
2300.0	55095.64592920971
2320.0	58795.84103843204
2340.0	62680.195190365164
2360.0	66754.28809984325
2380.0	71023.72363714497
2400.0	75494.12598251892
2420.0	80171.13582180683
2440.0	85060.40658853113
2460.0	90167.60075745935
2480.0	95498.38619430661
2500.0	101058.43256589415
2520.0	106853.40781474569
2540.0	112888.97470177387
2560.0	119170.78742039084
2580.0	125704.48828506417
2600.0	132495.7044970408
2620.0	139550.0449896681
2640.0	146873.09735546313
2660.0	154470.42485680874
2680.0	162347.56352189797
2700.0	170510.01932729836
2720.0	178963.265468271
2740.0	187712.7397177532
2760.0	196763.84187469629
2780.0	206121.9313022483
2800.0	215792.32455607402
2820.0	225780.2931029246
2840.0	236091.0611293933
2860.0	246729.80344063338
2880.0	257701.6434486604
2900.0	269011.65124971804
2920.0	280664.8417900534
2940.0	292666.1731193249
2960.0	305020.54473074735
2980.0	317732.795986976
3000.0	330807.7046306308
3020.0	344249.98537827184
3040.0	358064.28859655774
3060.0	372255.19905923825
3080.0	386827.2347835711
3100.0	401784.84594468644
3120.0	417132.41386637255
3140.0	432874.2500867048
3160.0	449014.59549690055
3180.0	465557.61955174303
3200.0	482507.41954989056
3220.0	499868.01998235553
3240.0	517643.3719474231
3260.0	535837.3526302559
3280.0	554453.764845425
3300.0	573496.3366405922
3320.0	592968.7209595725
3340.0	612874.4953629954
3360.0	633217.1618047922
3380.0	654000.1464627397
3400.0	675226.799621297
3420.0	696900.3956049891
3440.0	719024.1327605916
3460.0	741601.1334864028
3480.0	764634.4443068947
3500.0	788127.0359910569
3520.0	812081.8037127721
3540.0	836501.5672515797
3560.0	861389.0712322133
3580.0	886746.9854013192
3600.0	912577.9049397917
3620.0	938884.3508091879
3640.0	965668.7701307173
3660.0	992933.5365953218
3680.0	1020680.9509034046
3700.0	1048913.2412327826
3720.0	1077632.5637334844
3740.0	1106841.0030480318
3760.0	1136540.5728558856
3780.0	1166733.216440766
3800.0	1197420.807279584
3820.0	1228605.149651766
3840.0	1260287.979267771
3860.0	1292470.9639156407
3880.0	1325155.7041244595
3900.0	1358343.7338436202
3920.0	1392036.521136833
3940.0	1426235.4688898507
3960.0	1460941.9155309005
3980.0	1496157.135762858
4000.0	1531882.3413062193
4020.0	1568118.6816519708
4040.0	1604867.2448234651
4060.0	1642129.058146468
4080.0	1679905.0890265442
4100.0	1718196.245732998
4120.0	1757003.378188605
4140.0	1796327.2787643922
4160.0	1836168.6830787743
4180.0	1876528.2708003414
4200.0	1917406.6664536642
4220.0	1958804.4402274769
4240.0	2000722.1087846304
4260.0	2043160.136073239
4280.0	2086118.9341384678
4300.0	2129598.863934419
4320.0	2173600.2361356122
4340.0	2218123.311947567
4360.0	2263168.303916027
4380.0	2308735.37673437
4400.0	2354824.648048789
4420.0	2401436.18926083
4440.0	2448570.02632691
4460.0	2496226.140554436
4480.0	2544404.469394185
4500.0	2593104.9072286184
4520.0	2642327.306155797
4540.0	2692071.4767686254
4560.0	2742337.1889291266
4580.0	2793124.1725374814
4600.0	2844432.1182955983
4620.0	2896260.67846496
4640.0	2948609.467618534
4660.0	3001478.063386545
4680.0	3054866.007195896
4700.0	3108772.805003083
4720.0	3163197.92802041
4740.0	3218140.8134353636
4760.0	3273600.8651229874
4780.0	3329577.4543511393
4800.0	3386069.9204784897
4820.0	3443077.571645158
4840.0	3500599.6854558787
4860.0	3558635.5096556083
4880.0	3617184.262797479
4900.0	3676245.134903032
4920.0	3735817.288114651
4940.0	3795899.857340158
4960.0	3856491.9508894873
4980.0	3917592.651103424
5000.0	3979201.0149743464
5020.0	4041316.0747589576
5040.0	4103936.8385829707
5060.0	4167062.291037742
5080.0	4230691.39376882
5100.0	4294823.086056436
5120.0	4359456.285387889
5140.0	4424589.888021887
5160.0	4490222.769544804
5180.0	4556353.785418889
5200.0	4622981.771522445
5220.0	4690105.544682004
5240.0	4757723.903196501
5260.0	4825835.627353523
5280.0	4894439.479937616
5300.0	4963534.206730718
5320.0	5033118.5370047605
5340.0	5103191.184006466
5360.0	5173750.845434399
5380.0	5244796.203908318
5400.0	5316325.927430876
5420.0	5388338.669841738
5440.0	5460833.071264153
5460.0	5533807.758544048
5480.0	5607261.345681721
5500.0	5681192.434256157
5520.0	5755599.613842071
5540.0	5830481.462419726
5560.0	5905836.546777589
5580.0	5981663.422907902
5600.0	6057960.63639524
5620.0	6134726.722798117
5640.0	6211960.2080237195
5660.0	6289659.608695841
5680.0	6367823.4325160915
5700.0	6446450.178618446
5720.0	6525538.337917224
5740.0	6605086.393448564
5760.0	6685092.8207054855
5780.0	6765556.087966577
5800.0	6846474.656618439
5820.0	6927846.981471922
5840.0	7009671.511072255
5860.0	7091946.68800313
5880.0	7174670.949184831
5900.0	7257842.726166493
5920.0	7341460.445412528
5940.0	7425522.52858336
5960.0	7510027.392810497
5980.0	7594973.450966034
6000.0	7680359.111926659
6020.0	7766182.780832269
6040.0	7852442.859339218
6060.0	7939137.745868324
6080.0	8026265.83584769
6100.0	8113825.52195041
6120.0	8201815.1943272585
6140.0	8290233.240834399
6160.0	8379078.047256244
6180.0	8468347.997523475
6200.0	8558041.473926354
6220.0	8648156.85732335
6240.0	8738692.527345216
6260.0	8829646.862594502
6280.0	8921018.240840673
6300.0	9012805.039210815
6320.0	9105005.634376064
6340.0	9197618.402733788
6360.0	9290641.72058562
6380.0	9384073.964311387
6400.0	9477913.510538992
6420.0	9572158.736310383
6440.0	9666808.019243587
6460.0	9761859.73769093
6480.0	9857312.270893494
6500.0	9953163.999131877
6520.0	10049413.303873312
6540.0	10146058.567915214
6560.0	10243098.175525215
6580.0	10340530.51257776
6600.0	10438353.966687297
6620.0	10536566.927338155
6640.0	10635167.786011137
6660.0	10734154.936306903
6680.0	10833526.774066214
6700.0	10933281.697487058
6720.0	11033418.107238745
6740.0	11133934.406573026
6760.0	11234829.001432251
6780.0	11336100.300554678
6800.0	11437746.715576943
6820.0	11539766.661133768
6840.0	11642158.554954933
6860.0	11744920.817959588
6880.0	11848051.874347951
6900.0	11951550.151690431
6920.0	12055414.081014208
6940.0	12159642.096887385
6960.0	12264232.637500677
6980.0	12369184.144746738
7000.0	12474495.064297121
7020.0	12580163.845677024
7040.0	12686188.942337714
7060.0	12792568.811726784
7080.0	12899301.915356258
7100.0	13006386.71886858
7120.0	13113821.69210051
7140.0	13221605.309145022
7160.0	13329736.04841118
7180.0	13438212.392682077
7200.0	13547032.82917087
7220.0	13656195.84957493
7240.0	13765699.95012815
7260.0	13875543.631651467
7280.0	13985725.399601648
7300.0	14096243.764118273
7320.0	14207097.240069117
7340.0	14318284.34709383
7360.0	14429803.609646002
7380.0	14541653.557033636
7400.0	14653832.723458087
7420.0	14766339.648051474
7440.0	14879172.874912588
7460.0	14992330.953141352
7480.0	15105812.436871856
7500.0	15219615.88530401
7520.0	15333739.8627338
7540.0	15448182.938582232
7560.0	15562943.687422946
7580.0	15678020.689008584
7600.0	15793412.528295891
7620.0	15909117.795469556
7640.0	16025135.085964913
7660.0	16141463.000489445
7680.0	16258100.145043133
7700.0	16375045.130937703
7720.0	16492296.574814765
7740.0	16609853.098662892
7760.0	16727713.32983365
7780.0	16845875.9010566
7800.0	16964339.45045331
7820.0	17083102.62155038
7840.0	17202164.063291527
7860.0	17321522.430048723
7880.0	17441176.381632432
7900.0	17561124.58330095
7920.0	17681365.705768898
7940.0	17801898.425214827
7960.0	17922721.423288036
7980.0	18043833.38711455
8000.0	18165233.00930234
8020.0	18286918.98794573
8040.0	18408890.0266291
8060.0	18531144.83442981
8080.0	18653682.125920445
8100.0	18776500.62117035
8120.0	18899599.045746446
8140.0	19022976.130713455
8160.0	19146630.612633422
8180.0	19270561.23356461
8200.0	19394766.74105979
8220.0	19519245.88816395
8240.0	19643997.43341136
8260.0	19769020.14082214
8280.0	19894312.779898204
8300.0	20019874.125618722
8320.0	20145702.958435014
8340.0	20271798.064264942
8360.0	20398158.2344868
8380.0	20524782.265932724
8400.0	20651668.960881624
8420.0	20778817.12705167
8440.0	20906225.57759228
8460.0	21033893.131075732
8480.0	21161818.611488327
8500.0	21290000.84822111
8520.0	21418438.67606025
8540.0	21547130.935176983
8560.0	21676076.471117187
8580.0	21805274.13479059
8600.0	21934722.782459617
8620.0	22064421.27572793
8640.0	22194368.481528547
8660.0	22324563.272111714
8680.0	22455004.525032405
8700.0	22585691.12313757
8720.0	22716621.954553016
8740.0	22847795.91267005
8760.0	22979211.89613183
8780.0	23110868.80881942
8800.0	23242765.559837643
8820.0	23374901.06350057
8840.0	23507274.239316892
8860.0	23639884.011974953
8880.0	23772729.31132763
8900.0	23905809.072376896
8920.0	24039122.235258266
8940.0	24172667.74522496
8960.0	24306444.55263195
8980.0	24440451.612919666
9000.0	24574687.886597708
9020.0	24709152.339228213
9040.0	24843843.94140914
9060.0	24978761.66875735
9080.0	25113904.50189155
9100.0	25249271.42641505
9120.0	25384861.432898425
9140.0	25520673.51686195
9160.0	25656706.67875799
9180.0	25792959.92395321
9200.0	25929432.262710642
9220.0	26066122.7101717
9240.0	26203030.28633799
9260.0	26340154.016053088
9280.0	26477492.92898416
9300.0	26615046.059603542
9320.0	26752812.447170142
9340.0	26890791.135710817
9360.0	27028981.174001653
9380.0	27167381.615549155
9400.0	27305991.51857134
9420.0	27444809.94597879
9440.0	27583835.965355646
9460.0	27723068.648940478
9480.0	27862507.07360717
9500.0	28002150.320845693
9520.0	28141997.47674284
9540.0	28282047.631962944
9560.0	28422299.88172849
9580.0	28562753.325800747
9600.0	28703407.068460345
9620.0	28844260.218487747
9640.0	28985311.889143825
9660.0	29126561.198150285
9680.0	29268007.267670155
9700.0	29409649.224288143
9720.0	29551486.198991127
9740.0	29693517.327148486
9760.0	29835741.7484925
9780.0	29978158.607098736
9800.0	30120767.05136635
9820.0	30263566.23399853
9840.0	30406555.31198276
9860.0	30549733.446571227
9880.0	30693099.803261157
9900.0	30836653.551775176
9920.0	30980393.86604169
9940.0	31124319.924175248
9960.0	31268430.908456925
9980.0	31412726.005314738
10000.0	31557204.405304044
10020.0	31701865.303088013
10040.0	31846707.897418033
10060.0	31991731.39111423
10080.0	32136934.99104594
10100.0	32282317.908112273
10120.0	32427879.357222598
10140.0	32573618.55727719
10160.0	32719534.731147826
10180.0	32865627.105658405
10200.0	33011894.91156567
10220.0	33158337.383539874
10240.0	33304953.760145556
10260.0	33451743.28382235
10280.0	33598705.200865775
10300.0	33745838.76140812
10320.0	33893143.21939937
10340.0	34040617.83258815
10360.0	34188261.8625027
10380.0	34336074.57443199
10400.0	34484055.23740676
10420.0	34632203.124180645
10440.0	34780517.51121142
10460.0	34928997.678642236
10480.0	35077642.91028286
10500.0	35226452.493591085
10520.0	35375425.719654106
10540.0	35524561.88316995
10560.0	35673860.282429054
10580.0	35823320.21929573
10600.0	35972940.99918989
10620.0	36122721.93106866
10640.0	36272662.32740815
10660.0	36422761.50418526
10680.0	36573018.78085951
10700.0	36723433.480354965
10720.0	36874004.92904227
10740.0	37024732.45672062
10760.0	37175615.39659992
10780.0	37326653.085282914
10800.0	37477844.86274748
10820.0	37629190.07232888
10840.0	37780688.0607021
10860.0	37932338.177864365
10880.0	38084139.77711757
10900.0	38236092.21505086
10920.0	38388194.851523265
10940.0	38540447.049646385
10960.0	38692848.175767176
10980.0	38845397.59945076
11000.0	38998094.69346335
11020.0	39150938.83375518
11040.0	39303929.39944361
11060.0	39457065.7727962
11080.0	39610347.33921385
11100.0	39763773.48721413
11120.0	39917343.608414575
11140.0	40071057.097516015
11160.0	40224913.352286115
11180.0	40378911.77354288
11200.0	40533051.76513824
11220.0	40687332.73394179
11240.0	40841754.089824446
11260.0	40996315.245642334
11280.0	41151015.61722066
11300.0	41305854.62333771
11320.0	41460831.685708776
11340.0	41615946.22897041
11360.0	41771197.680664524
11380.0	41926585.47122264
11400.0	42082109.03395025
11420.0	42237767.805011205
11440.0	42393561.223412186
11460.0	42549488.730987236
11480.0	42705549.77238239
11500.0	42861743.79504039
11520.0	43018070.2491854
11540.0	43174528.58780787
11560.0	43331118.26664947
11580.0	43487838.74418802
11600.0	43644689.48162259
11620.0	43801669.942858614
11640.0	43958779.59449307
11660.0	44116017.90579979
11680.0	44273384.3487148
11700.0	44430878.39782168
11720.0	44588499.530337185
11740.0	44746247.22609666
11760.0	44904120.96753978
11780.0	45062120.23969621
11800.0	45220244.530171424
11820.0	45378493.32913248
11840.0	45536866.12929408
11860.0	45695362.42590443
11880.0	45853981.71673138
11900.0	46012723.50204854
11920.0	46171587.2846215
11940.0	46330572.56969414
11960.0	46489678.86497494
11980.0	46648905.68062339
12000.0	46808252.52923658
